Timestamp,Ambient,LED Group 625:625,LED Group 940:940,LED Group 525:525,Skin Temperature,Acceleration X,Acceleration Y,Acceleration Z
23.02.2018 14:59:23.294,,,,,,0.14453125,0.33203125,0.90625
23.02.2018 14:59:23.314,,,,,,-0.02734375,0.328125,0.8203125
23.02.2018 14:59:23.334,,,,,,-0.1796875,0.2421875,0.76953125
23.02.2018 14:59:23.354,,,,,,-0.22265625,0.71875,0.578125
23.02.2018 14:59:23.374,,,,,,-0.0234375,0.7578125,0.5859375
23.02.2018 14:59:23.394,,,,,,0.15625,-0.25,-0.77734375
23.02.2018 14:59:23.414,,,,,,0.0390625,0.1171875,-1.2109375
23.02.2018 14:59:23.434,,,,,,0.09375,0.20703125,-1.203125
23.02.2018 14:59:23.454,,,,,,0.1328125,-0.2109375,-0.7265625
23.02.2018 14:59:23.474,,,,,,0.04296875,0.26171875,-1.203125
23.02.2018 14:59:23.494,,,,,,0.09765625,-0.23046875,-0.74609375
23.02.2018 14:59:23.514,,,,,,0.078125,0.13671875,-1.16015625
23.02.2018 14:59:23.311,-3798584,,,,,,,
23.02.2018 14:59:23.319,,-3698054,,,,,,
23.02.2018 14:59:23.326,,,-3686284,,,,,
23.02.2018 14:59:23.334,,,,-3667496,,,,
23.02.2018 14:59:23.341,-3772166,,,,,,,
23.02.2018 14:59:23.349,,-3665442,,,,,,
23.02.2018 14:59:23.357,,,-3618251,,,,,
23.02.2018 14:59:23.364,,,,-3576094,,,,
23.02.2018 14:59:23.372,-3676267,,,,,,,
23.02.2018 14:59:23.379,,-3591472,,,,,,
23.02.2018 14:59:23.387,,,-3585842,,,,,
23.02.2018 14:59:23.394,,,,-3595609,,,,
23.02.2018 14:59:23.402,-3738477,,,,,,,
23.02.2018 14:59:23.409,,-3679744,,,,,,
23.02.2018 14:59:23.417,,,-3678092,,,,,
23.02.2018 14:59:23.424,,,,-3671757,,,,
23.02.2018 14:59:23.432,-3788094,,,,,,,
23.02.2018 14:59:23.439,,-3688841,,,,,,
23.02.2018 14:59:23.447,,,-3653497,,,,,
23.02.2018 14:59:23.454,,,,-3618870,,,,
23.02.2018 14:59:23.462,-3720369,,,,,,,
23.02.2018 14:59:23.469,,-3621602,,,,,,
23.02.2018 14:59:23.477,,,-3604629,,,,,
23.02.2018 14:59:23.484,,,,-3599109,,,,
23.02.2018 14:59:23.492,-3729838,,,,,,,
23.02.2018 14:59:23.499,,-3664514,,,,,,
23.02.2018 14:59:23.507,,,-3662307,,,,,
23.02.2018 14:59:23.514,,,,-3653176,,,,
23.02.2018 14:59:23.522,-3767329,,,,,,,
23.02.2018 14:59:23.529,,-3675039,,,,,,
23.02.2018 14:59:23.537,,,-3642011,,,,,
23.02.2018 14:59:23.544,,,,-3606324,,,,
23.02.2018 14:59:23.534,,,,,,0.1015625,-0.0390625,-1.00390625
23.02.2018 14:59:23.554,,,,,,0.32421875,0.41015625,-1.15234375
23.02.2018 14:59:23.574,,,,,,-0.09375,0.05859375,-0.9921875
23.02.2018 14:59:23.594,,,,,,0.0625,0.05859375,-0.984375
23.02.2018 14:59:23.614,,,,,,-0.30859375,0.32421875,-1.15625
23.02.2018 14:59:23.634,,,,,,0.15625,-0.390625,-0.53515625
23.02.2018 14:59:23.552,-3701189,,,,,,,
23.02.2018 14:59:23.559,,-3601432,,,,,,
23.02.2018 14:59:23.567,,,-3582651,,,,,
23.02.2018 14:59:23.574,,,,-3593072,,,,
23.02.2018 14:59:23.582,-3732996,,,,,,,
23.02.2018 14:59:23.589,,-3666395,,,,,,
23.02.2018 14:59:23.597,,,-3647938,,,,,
23.02.2018 14:59:23.604,,,,-3622286,,,,
23.02.2018 14:59:23.612,-3725667,,,,,,,
23.02.2018 14:59:23.619,,-3640727,,,,,,
23.02.2018 14:59:23.627,,,-3622284,,,,,
23.02.2018 14:59:23.634,,,,-3608462,,,,
23.02.2018 14:59:23.642,-3722324,,,,,,,
23.02.2018 14:59:23.649,,-3639906,,,,,,
23.02.2018 14:59:23.657,,,-3618581,,,,,
23.02.2018 14:59:23.664,,,,-3601199,,,,
23.02.2018 14:59:23.672,-3717484,,,,,,,
23.02.2018 14:59:23.679,,-3642515,,,,,,
23.02.2018 14:59:23.687,,,-3630302,,,,,
23.02.2018 14:59:23.694,,,,-3619503,,,,
23.02.2018 14:59:23.702,-3734712,,,,,,,
23.02.2018 14:59:23.709,,-3642981,,,,,,
23.02.2018 14:59:23.717,,,-3600558,,,,,
23.02.2018 14:59:23.724,,,,-3545444,,,,
23.02.2018 14:59:23.732,-3616034,,,,,,,
23.02.2018 14:59:23.739,,-3498907,,,,,,
23.02.2018 14:59:23.747,,,-3460956,,,,,
23.02.2018 14:59:23.754,,,,-3442612,,,,
23.02.2018 14:59:23.762,-3570828,,,,,,,
23.02.2018 14:59:23.769,,-3532972,,,,,,
23.02.2018 14:59:23.777,,,-3559337,,,,,
23.02.2018 14:59:23.784,,,,-3583312,,,,
23.02.2018 14:59:23.654,,,,,,0.08203125,0.21875,-1.30078125
23.02.2018 14:59:23.674,,,,,,0.0625,0.16796875,-1.2265625
23.02.2018 14:59:23.694,,,,,,0.11328125,-0.2578125,-0.73828125
23.02.2018 14:59:23.714,,,,,,0.26171875,-0.41015625,-0.86328125
23.02.2018 14:59:23.734,,,,,,0.07421875,-0.02734375,-1.015625
23.02.2018 14:59:23.754,,,,,,0.0234375,-0.07421875,-0.984375
23.02.2018 14:59:23.792,-3720597,,,,,,,
23.02.2018 14:59:23.799,,-3654569,,,,,,
23.02.2018 14:59:23.807,,,-3636618,,,,,
23.02.2018 14:59:23.814,,,,-3606599,,,,
23.02.2018 14:59:23.822,-3695689,,,,,,,
23.02.2018 14:59:23.829,,-3586508,,,,,,
23.02.2018 14:59:23.837,,,-3542735,,,,,
23.02.2018 14:59:23.844,,,,-3509459,,,,
23.02.2018 14:59:23.852,-3615368,,,,,,,
23.02.2018 14:59:23.859,,-3551164,,,,,,
23.02.2018 14:59:23.867,,,-3557634,,,,,
23.02.2018 14:59:23.874,,,,-3566069,,,,
23.02.2018 14:59:23.882,-3691076,,,,,,,
23.02.2018 14:59:23.890,,-3608497,,,,,,
23.02.2018 14:59:23.897,,,-3580878,,,,,
23.02.2018 14:59:23.905,,,,-3560930,,,,
23.02.2018 14:59:23.912,-3671946,,,,,,,
23.02.2018 14:59:23.920,,-3588728,,,,,,
23.02.2018 14:59:23.927,,,-3569070,,,,,
23.02.2018 14:59:23.935,,,,-3549750,,,,
23.02.2018 14:59:23.942,-3660311,,,,,,,
23.02.2018 14:59:23.950,,-3578939,,,,,,
23.02.2018 14:59:23.957,,,-3562461,,,,,
23.02.2018 14:59:23.965,,,,-3544956,,,,
23.02.2018 14:59:23.972,-3657137,,,,,,,
23.02.2018 14:59:23.980,,-3577867,,,,,,
23.02.2018 14:59:23.987,,,-3563799,,,,,
23.02.2018 14:59:23.995,,,,-3546213,,,,
23.02.2018 14:59:24.002,-3659629,,,,,,,
23.02.2018 14:59:24.010,,-3580888,,,,,,
23.02.2018 14:59:24.017,,,-3566496,,,,,
23.02.2018 14:59:24.025,,,,-3549031,,,,
23.02.2018 14:59:23.774,,,,,,-0.0703125,-0.15625,-1.015625
23.02.2018 14:59:23.794,,,,,,-0.1328125,-0.0703125,-1.03125
23.02.2018 14:59:23.814,,,,,,-0.0078125,-0.09375,-1.0078125
23.02.2018 14:59:23.834,,,,,,0.0390625,-0.0390625,-0.9609375
23.02.2018 14:59:23.854,,,,,,0.0234375,-0.125,-0.87109375
23.02.2018 14:59:23.874,,,,,,0.125,0.01953125,-1.05859375
23.02.2018 14:59:24.032,-3662084,,,,,,,
23.02.2018 14:59:24.040,,-3583251,,,,,,
23.02.2018 14:59:24.047,,,-3569280,,,,,
23.02.2018 14:59:24.055,,,,-3554677,,,,
23.02.2018 14:59:24.062,-3671832,,,,,,,
23.02.2018 14:59:24.070,,-3594834,,,,,,
23.02.2018 14:59:24.077,,,-3585067,,,,,
23.02.2018 14:59:24.085,,,,-3573160,,,,
23.02.2018 14:59:24.092,-3693966,,,,,,,
23.02.2018 14:59:24.100,,-3615104,,,,,,
23.02.2018 14:59:24.107,,,-3603032,,,,,
23.02.2018 14:59:24.115,,,,-3590695,,,,
23.02.2018 14:59:24.122,-3710344,,,,,,,
23.02.2018 14:59:24.130,,-3628149,,,,,,
23.02.2018 14:59:24.137,,,-3615602,,,,,
23.02.2018 14:59:24.145,,,,-3602045,,,,
23.02.2018 14:59:24.152,-3718496,,,,,,,
23.02.2018 14:59:24.160,,-3632689,,,,,,
23.02.2018 14:59:24.167,,,-3619006,,,,,
23.02.2018 14:59:24.175,,,,-3602987,,,,
23.02.2018 14:59:24.182,-3717949,,,,,,,
23.02.2018 14:59:24.190,,-3628799,,,,,,
23.02.2018 14:59:24.197,,,-3613046,,,,,
23.02.2018 14:59:24.205,,,,-3596224,,,,
23.02.2018 14:59:24.212,-3712204,,,,,,,
23.02.2018 14:59:24.220,,-3625637,,,,,,
23.02.2018 14:59:24.227,,,-3614304,,,,,
23.02.2018 14:59:24.235,,,,-3598771,,,,
23.02.2018 14:59:24.242,-3716387,,,,,,,
23.02.2018 14:59:24.250,,-3622415,,,,,,
23.02.2018 14:59:24.257,,,-3605739,,,,,
23.02.2018 14:59:24.265,,,,-3587941,,,,
23.02.2018 14:59:23.894,,,,,,0.1640625,-0.07421875,-1.02734375
23.02.2018 14:59:23.914,,,,,,0.04296875,-0.06640625,-1.02734375
23.02.2018 14:59:23.934,,,,,,0.140625,-0.0703125,-0.86328125
23.02.2018 14:59:23.954,,,,,,-0.01171875,0.12109375,-1.5859375
23.02.2018 14:59:23.974,,,,,,0.3125,-0.2578125,-1.1796875
23.02.2018 14:59:23.994,,,,,,0.1953125,0.06640625,-1.48046875
23.02.2018 14:59:24.272,-3703009,,,,,,,
23.02.2018 14:59:24.280,,-3609062,,,,,,
23.02.2018 14:59:24.287,,,-3591506,,,,,
23.02.2018 14:59:24.295,,,,-3573781,,,,
23.02.2018 14:59:24.302,-3689600,,,,,,,
23.02.2018 14:59:24.310,,-3595186,,,,,,
23.02.2018 14:59:24.317,,,-3577746,,,,,
23.02.2018 14:59:24.325,,,,-3558920,,,,
23.02.2018 14:59:24.332,-3672753,,,,,,,
23.02.2018 14:59:24.340,,-3577822,,,,,,
23.02.2018 14:59:24.347,,,-3558304,,,,,
23.02.2018 14:59:24.355,,,,-3531928,,,,
23.02.2018 14:59:24.362,-3636178,,,,,,,
23.02.2018 14:59:24.370,,-3537368,,,,,,
23.02.2018 14:59:24.377,,,-3533414,,,,,
23.02.2018 14:59:24.385,,,,-3519175,,,,
23.02.2018 14:59:24.392,-3642388,,,,,,,
23.02.2018 14:59:24.400,,-3549610,,,,,,
23.02.2018 14:59:24.407,,,-3535922,,,,,
23.02.2018 14:59:24.415,,,,-3520361,,,,
23.02.2018 14:59:24.422,-3640822,,,,,,,
23.02.2018 14:59:24.430,,-3543562,,,,,,
23.02.2018 14:59:24.438,,,-3525361,,,,,
23.02.2018 14:59:24.445,,,,-3502439,,,,
23.02.2018 14:59:24.453,-3610609,,,,,,,
23.02.2018 14:59:24.460,,-3501584,,,,,,
23.02.2018 14:59:24.468,,,-3481179,,,,,
23.02.2018 14:59:24.475,,,,-3459329,,,,
23.02.2018 14:59:24.483,-3574678,,,,,,,
23.02.2018 14:59:24.490,,-3465329,,,,,,
23.02.2018 14:59:24.498,,,-3455349,,,,,
23.02.2018 14:59:24.505,,,,-3443422,,,,
23.02.2018 14:59:24.014,,,,,,0.21875,-0.125,-0.98828125
23.02.2018 14:59:24.034,,,,,,0.00390625,0.0234375,-1.203125
23.02.2018 14:59:24.054,,,,,,0.04296875,0.1171875,-0.6875
23.02.2018 14:59:24.074,,,,,,-0.0625,0.08984375,-0.94921875
23.02.2018 14:59:24.094,,,,,,-0.015625,0.10546875,-0.828125
23.02.2018 14:59:24.114,,,,,,-0.15625,0.1015625,-0.75
23.02.2018 14:59:24.513,-3576445,,,,,,,
23.02.2018 14:59:24.520,,-3447974,,,,,,
23.02.2018 14:59:24.528,,,-3444811,,,,,
23.02.2018 14:59:24.535,,,,-3433507,,,,
23.02.2018 14:59:24.543,-3583121,,,,,,,
23.02.2018 14:59:24.550,,-3411547,,,,,,
23.02.2018 14:59:24.558,,,-3411058,,,,,
23.02.2018 14:59:24.565,,,,-3413264,,,,
23.02.2018 14:59:24.573,-3591569,,,,,,,
23.02.2018 14:59:24.580,,-3406364,,,,,,
23.02.2018 14:59:24.588,,,-3428174,,,,,
23.02.2018 14:59:24.595,,,,-3441593,,,,
23.02.2018 14:59:24.603,-3607740,,,,,,,
23.02.2018 14:59:24.610,,-3490282,,,,,,
23.02.2018 14:59:24.618,,,-3542822,,,,,
23.02.2018 14:59:24.625,,,,-3592824,,,,
23.02.2018 14:59:24.633,-3767384,,,,,,,
23.02.2018 14:59:24.640,,-3652695,,,,,,
23.02.2018 14:59:24.648,,,-3646696,,,,,
23.02.2018 14:59:24.655,,,,-3632577,,,,
23.02.2018 14:59:24.663,-3764708,,,,,,,
23.02.2018 14:59:24.670,,-3635891,,,,,,
23.02.2018 14:59:24.678,,,-3622065,,,,,
23.02.2018 14:59:24.685,,,,-3605752,,,,
23.02.2018 14:59:24.693,-3734794,,,,,,,
23.02.2018 14:59:24.700,,-3619914,,,,,,
23.02.2018 14:59:24.708,,,-3612632,,,,,
23.02.2018 14:59:24.715,,,,-3602659,,,,
23.02.2018 14:59:24.723,-3735129,,,,,,,
23.02.2018 14:59:24.730,,-3616974,,,,,,
23.02.2018 14:59:24.738,,,-3608906,,,,,
23.02.2018 14:59:24.745,,,,-3594742,,,,
23.02.2018 14:59:24.134,,,,,,-0.05078125,0.0625,-0.98828125
23.02.2018 14:59:24.154,,,,,,0.04296875,0.07421875,-1.015625
23.02.2018 14:59:24.174,,,,,,-0.0078125,-0.2734375,-1.078125
23.02.2018 14:59:24.194,,,,,,0.015625,-0.17578125,-1.11328125
23.02.2018 14:59:24.214,,,,,,0.09765625,-0.0703125,-0.9296875
23.02.2018 14:59:24.234,,,,,,0.06640625,-0.1171875,-0.984375
23.02.2018 14:59:24.753,-3724887,,,,,,,
23.02.2018 14:59:24.760,,-3590922,,,,,,
23.02.2018 14:59:24.768,,,-3568666,,,,,
23.02.2018 14:59:24.775,,,,-3538997,,,,
23.02.2018 14:59:24.783,-3661544,,,,,,,
23.02.2018 14:59:24.790,,-3522914,,,,,,
23.02.2018 14:59:24.798,,,-3512641,,,,,
23.02.2018 14:59:24.805,,,,-3498836,,,,
23.02.2018 14:59:24.813,-3641213,,,,,,,
23.02.2018 14:59:24.820,,-3519261,,,,,,
23.02.2018 14:59:24.828,,,-3524329,,,,,
23.02.2018 14:59:24.835,,,,-3521350,,,,
23.02.2018 14:59:24.843,-3678974,,,,,,,
23.02.2018 14:59:24.850,,-3529375,,,,,,
23.02.2018 14:59:24.858,,,-3537637,,,,,
23.02.2018 14:59:24.865,,,,-3538068,,,,
23.02.2018 14:59:24.873,-3720029,,,,,,,
23.02.2018 14:59:24.880,,-3511814,,,,,,
23.02.2018 14:59:24.888,,,-3523956,,,,,
23.02.2018 14:59:24.895,,,,-3526522,,,,
23.02.2018 14:59:24.903,-3746481,,,,,,,
23.02.2018 14:59:24.910,,-3468207,,,,,,
23.02.2018 14:59:24.918,,,-3495222,,,,,
23.02.2018 14:59:24.925,,,,-3506471,,,,
23.02.2018 14:59:24.933,-3749332,,,,,,,
23.02.2018 14:59:24.940,,-3432962,,,,,,
23.02.2018 14:59:24.948,,,-3467580,,,,,
23.02.2018 14:59:24.955,,,,-3489133,,,,
23.02.2018 14:59:24.963,-3769249,,,,,,,
23.02.2018 14:59:24.970,,-3413904,,,,,,
23.02.2018 14:59:24.978,,,-3474074,,,,,
23.02.2018 14:59:24.986,,,,-3514873,,,,
23.02.2018 14:59:24.254,,,,,,0.14453125,-0.13671875,-0.77734375
23.02.2018 14:59:24.274,,,,,,0.26171875,-0.0234375,-1.015625
23.02.2018 14:59:24.294,,,,,,0.30859375,-0.08203125,-0.9296875
23.02.2018 14:59:24.314,,,,,,0.203125,-0.0625,-0.8203125
23.02.2018 14:59:24.334,,,,,,0.27734375,-0.0390625,-0.8515625
23.02.2018 14:59:24.354,,,,,,0.39453125,-0.01953125,-1.00390625
23.02.2018 14:59:24.993,-3804872,,,,,,,
23.02.2018 14:59:25.001,,-3464794,,,,,,
23.02.2018 14:59:25.008,,,-3527482,,,,,
23.02.2018 14:59:25.016,,,,-3559939,,,,
23.02.2018 14:59:25.023,-3822691,,,,,,,
23.02.2018 14:59:25.031,,-3489612,,,,,,
23.02.2018 14:59:25.038,,,-3534489,,,,,
23.02.2018 14:59:25.046,,,,-3551282,,,,
23.02.2018 14:59:25.053,-3791987,,,,,,,
23.02.2018 14:59:25.061,,-3497936,,,,,,
23.02.2018 14:59:25.068,,,-3541127,,,,,
23.02.2018 14:59:25.076,,,,-3558316,,,,
23.02.2018 14:59:25.083,-3800259,,,,,,,
23.02.2018 14:59:25.091,,-3505841,,,,,,
23.02.2018 14:59:25.098,,,-3549451,,,,,
23.02.2018 14:59:25.106,,,,-3556992,,,,
23.02.2018 14:59:25.113,-3759539,,,,,,,
23.02.2018 14:59:25.121,,-3516402,,,,,,
23.02.2018 14:59:25.128,,,-3542610,,,,,
23.02.2018 14:59:25.136,,,,-3537144,,,,
23.02.2018 14:59:25.143,-3705622,,,,,,,
23.02.2018 14:59:25.151,,-3518740,,,,,,
23.02.2018 14:59:25.158,,,-3527943,,,,,
23.02.2018 14:59:25.166,,,,-3511329,,,,
23.02.2018 14:59:25.173,-3650492,,,,,,,
23.02.2018 14:59:25.181,,-3494896,,,,,,
23.02.2018 14:59:25.188,,,-3487172,,,,,
23.02.2018 14:59:25.196,,,,-3461392,,,,
23.02.2018 14:59:25.203,-3585964,,,,,,,
23.02.2018 14:59:25.211,,-3448555,,,,,,
23.02.2018 14:59:25.218,,,-3442357,,,,,
23.02.2018 14:59:25.226,,,,-3430852,,,,
23.02.2018 14:59:24.374,,,,,,0.09375,-0.0625,-1.046875
23.02.2018 14:59:24.394,,,,,,-0.0859375,-0.125,-1.01171875
23.02.2018 14:59:24.414,,,,,,-0.15234375,-0.10546875,-1.0859375
23.02.2018 14:59:24.434,,,,,,-0.4921875,0.10546875,-1.15234375
23.02.2018 14:59:24.454,,,,,,-0.21875,-0.171875,-1.01953125
23.02.2018 14:59:24.474,,,,,,-0.07421875,-0.10546875,-0.81640625
23.02.2018 14:59:25.233,-3576101,,,,,,,
23.02.2018 14:59:25.241,,-3445399,,,,,,
23.02.2018 14:59:25.248,,,-3455858,,,,,
23.02.2018 14:59:25.256,,,,-3461318,,,,
23.02.2018 14:59:25.263,-3651372,,,,,,,
23.02.2018 14:59:25.271,,-3426862,,,,,,
23.02.2018 14:59:25.278,,,-3432100,,,,,
23.02.2018 14:59:25.286,,,,-3432194,,,,
23.02.2018 14:59:25.293,-3669294,,,,,,,
23.02.2018 14:59:25.301,,-3358947,,,,,,
23.02.2018 14:59:25.308,,,-3390118,,,,,
23.02.2018 14:59:25.316,,,,-3414325,,,,
23.02.2018 14:59:25.323,-3647642,,,,,,,
23.02.2018 14:59:25.331,,-3376454,,,,,,
23.02.2018 14:59:25.338,,,-3406749,,,,,
23.02.2018 14:59:25.346,,,,-3425823,,,,
23.02.2018 14:59:25.353,-3643792,,,,,,,
23.02.2018 14:59:25.361,,-3394764,,,,,,
23.02.2018 14:59:25.368,,,-3414751,,,,,
23.02.2018 14:59:25.376,,,,-3420257,,,,
23.02.2018 14:59:25.383,-3625540,,,,,,,
23.02.2018 14:59:25.391,,-3382857,,,,,,
23.02.2018 14:59:25.398,,,-3409140,,,,,
23.02.2018 14:59:25.406,,,,-3416307,,,,
23.02.2018 14:59:25.413,-3609653,,,,,,,
23.02.2018 14:59:25.421,,-3394993,,,,,,
23.02.2018 14:59:25.428,,,-3414052,,,,,
23.02.2018 14:59:25.436,,,,-3417970,,,,
23.02.2018 14:59:25.443,-3588757,,,,,,,
23.02.2018 14:59:25.451,,-3408231,,,,,,
23.02.2018 14:59:25.458,,,-3417852,,,,,
23.02.2018 14:59:25.466,,,,-3418764,,,,
23.02.2018 14:59:24.494,,,,,,-0.08203125,-0.23828125,-1.02734375
23.02.2018 14:59:24.514,,,,,,-0.078125,-0.27734375,-0.98828125
23.02.2018 14:59:24.534,,,,,,-0.01953125,-0.26171875,-1.01953125
23.02.2018 14:59:24.554,,,,,,-0.2109375,-0.36328125,-0.953125
23.02.2018 14:59:24.574,,,,,,0.1171875,-0.3671875,-0.95703125
23.02.2018 14:59:24.594,,,,,,0.1875,-0.3125,-0.9296875
23.02.2018 14:59:25.473,-3584602,,,,,,,
23.02.2018 14:59:25.481,,-3410228,,,,,,
23.02.2018 14:59:25.488,,,-3419144,,,,,
23.02.2018 14:59:25.496,,,,-3419759,,,,
23.02.2018 14:59:25.503,-3593542,,,,,,,
23.02.2018 14:59:25.511,,-3397954,,,,,,
23.02.2018 14:59:25.519,,,-3411788,,,,,
23.02.2018 14:59:25.526,,,,-3415376,,,,
23.02.2018 14:59:25.534,-3593008,,,,,,,
23.02.2018 14:59:25.541,,-3388205,,,,,,
23.02.2018 14:59:25.549,,,-3403269,,,,,
23.02.2018 14:59:25.556,,,,-3404595,,,,
23.02.2018 14:59:25.564,-3594224,,,,,,,
23.02.2018 14:59:25.571,,-3326961,,,,,,
23.02.2018 14:59:25.579,,,-3349369,,,,,
23.02.2018 14:59:25.586,,,,-3358444,,,,
23.02.2018 14:59:25.594,-3610969,,,,,,,
23.02.2018 14:59:25.601,,-3243127,,,,,,
23.02.2018 14:59:25.609,,,-3302232,,,,,
23.02.2018 14:59:25.616,,,,-3327041,,,,
23.02.2018 14:59:25.624,-3665307,,,,,,,
23.02.2018 14:59:25.631,,-3099863,,,,,,
23.02.2018 14:59:25.639,,,-3203816,,,,,
23.02.2018 14:59:25.646,,,,-3268842,,,,
23.02.2018 14:59:25.654,-3717590,,,,,,,
23.02.2018 14:59:25.661,,-3011872,,,,,,
23.02.2018 14:59:25.669,,,-3191646,,,,,
23.02.2018 14:59:25.676,,,,-3282882,,,,
23.02.2018 14:59:25.684,-3710472,,,,,,,
23.02.2018 14:59:25.691,,-3099277,,,,,,
23.02.2018 14:59:25.699,,,-3256722,,,,,
23.02.2018 14:59:25.706,,,,-3326218,,,,
23.02.2018 14:59:24.614,,,,,,0.06640625,-0.33984375,-0.9765625
23.02.2018 14:59:24.634,,,,,,0.0625,-0.3203125,-0.953125
23.02.2018 14:59:24.654,,,,,,0.12109375,-0.34765625,-0.984375
23.02.2018 14:59:24.674,,,,,,0.30859375,-0.40234375,-0.83984375
23.02.2018 14:59:24.694,,,,,,-0.0859375,-0.41015625,-1.0078125
23.02.2018 14:59:24.714,,,,,,0.375,-0.32421875,-0.92578125
23.02.2018 14:59:25.714,-3658457,,,,,,,
23.02.2018 14:59:25.721,,-3222886,,,,,,
23.02.2018 14:59:25.729,,,-3316960,,,,,
23.02.2018 14:59:25.736,,,,-3356999,,,,
23.02.2018 14:59:25.744,-3617907,,,,,,,
23.02.2018 14:59:25.751,,-3308142,,,,,,
23.02.2018 14:59:25.759,,,-3369374,,,,,
23.02.2018 14:59:25.766,,,,-3389807,,,,
23.02.2018 14:59:25.774,-3589802,,,,,,,
23.02.2018 14:59:25.781,,-3359336,,,,,,
23.02.2018 14:59:25.789,,,-3390062,,,,,
23.02.2018 14:59:25.796,,,,-3400200,,,,
23.02.2018 14:59:25.804,-3579062,,,,,,,
23.02.2018 14:59:25.811,,-3387772,,,,,,
23.02.2018 14:59:25.819,,,-3407466,,,,,
23.02.2018 14:59:25.826,,,,-3417076,,,,
23.02.2018 14:59:25.834,-3574472,,,,,,,
23.02.2018 14:59:25.841,,-3426251,,,,,,
23.02.2018 14:59:25.849,,,-3437389,,,,,
23.02.2018 14:59:25.856,,,,-3435884,,,,
23.02.2018 14:59:25.864,-3586057,,,,,,,
23.02.2018 14:59:25.871,,-3442528,,,,,,
23.02.2018 14:59:25.879,,,-3452727,,,,,
23.02.2018 14:59:25.886,,,,-3452824,,,,
23.02.2018 14:59:25.894,-3606875,,,,,,,
23.02.2018 14:59:25.901,,-3459799,,,,,,
23.02.2018 14:59:25.909,,,-3470691,,,,,
23.02.2018 14:59:25.916,,,,-3471886,,,,
23.02.2018 14:59:25.924,-3633149,,,,,,,
23.02.2018 14:59:25.931,,-3459283,,,,,,
23.02.2018 14:59:25.939,,,-3470737,,,,,
23.02.2018 14:59:25.946,,,,-3469111,,,,
23.02.2018 14:59:24.734,,,,,,0.2578125,-0.375,-0.9609375
23.02.2018 14:59:24.754,,,,,,0.27734375,-0.3359375,-0.87890625
23.02.2018 14:59:24.774,,,,,,0.34765625,-0.3671875,-0.8515625
23.02.2018 14:59:24.794,,,,,,0.34375,-0.37109375,-0.9453125
23.02.2018 14:59:24.814,,,,,,0.31640625,-0.3046875,-0.87890625
23.02.2018 14:59:24.834,,,,,,0.328125,-0.3671875,-0.93359375
23.02.2018 14:59:25.954,-3645675,,,,,,,
23.02.2018 14:59:25.961,,-3431504,,,,,,
23.02.2018 14:59:25.969,,,-3452194,,,,,
23.02.2018 14:59:25.976,,,,-3454013,,,,
23.02.2018 14:59:25.984,-3656064,,,,,,,
23.02.2018 14:59:25.991,,-3379490,,,,,,
23.02.2018 14:59:25.999,,,-3412396,,,,,
23.02.2018 14:59:26.006,,,,-3422772,,,,
23.02.2018 14:59:26.014,-3658937,,,,,,,
23.02.2018 14:59:26.021,,-3332711,,,,,,
23.02.2018 14:59:26.029,,,-3383921,,,,,
23.02.2018 14:59:26.036,,,,-3404220,,,,
23.02.2018 14:59:26.044,-3656985,,,,,,,
23.02.2018 14:59:26.051,,-3311549,,,,,,
23.02.2018 14:59:26.059,,,-3371336,,,,,
23.02.2018 14:59:26.067,,,,-3396157,,,,
23.02.2018 14:59:26.074,-3661182,,,,,,,
23.02.2018 14:59:26.082,,-3294069,,,,,,
23.02.2018 14:59:26.089,,,-3356399,,,,,
23.02.2018 14:59:26.097,,,,-3380724,,,,
23.02.2018 14:59:26.104,-3667448,,,,,,,
23.02.2018 14:59:26.112,,-3237756,,,,,,
23.02.2018 14:59:26.119,,,-3303958,,,,,
23.02.2018 14:59:26.127,,,,-3332727,,,,
23.02.2018 14:59:26.134,-3692006,,,,,,,
23.02.2018 14:59:26.142,,-3057762,,,,,,
23.02.2018 14:59:26.149,,,-3134306,,,,,
23.02.2018 14:59:26.157,,,,-3195149,,,,
23.02.2018 14:59:26.164,-3807271,,,,,,,
23.02.2018 14:59:26.172,,-2451992,,,,,,
23.02.2018 14:59:26.179,,,-2655342,,,,,
23.02.2018 14:59:26.187,,,,-3471411,,,,
23.02.2018 14:59:24.854,,,,,,0.25,-0.3359375,-0.9296875
23.02.2018 14:59:24.874,,,,,,0.36328125,-0.30078125,-0.82421875
23.02.2018 14:59:24.894,,,,,,0.36328125,-0.3046875,-0.859375
23.02.2018 14:59:24.914,,,,,,0.28515625,-0.44140625,-0.98828125
23.02.2018 14:59:24.934,,,,,,0.35546875,-0.43359375,-0.8828125
23.02.2018 14:59:24.954,,,,,,0.4453125,-0.33203125,-0.76171875
23.02.2018 14:59:26.194,-4109442,,,,,,,
23.02.2018 14:59:26.202,,-2395289,,,,,,
23.02.2018 14:59:26.209,,,-2506332,,,,,
23.02.2018 14:59:26.217,,,,-3447135,,,,
23.02.2018 14:59:26.224,-4138767,,,,,,,
23.02.2018 14:59:26.232,,-2348379,,,,,,
23.02.2018 14:59:26.239,,,-2438344,,,,,
23.02.2018 14:59:26.247,,,,-3418555,,,,
23.02.2018 14:59:26.254,-4141431,,,,,,,
23.02.2018 14:59:26.262,,-2329395,,,,,,
23.02.2018 14:59:26.269,,,-2404935,,,,,
23.02.2018 14:59:26.277,,,,-3401272,,,,
23.02.2018 14:59:26.284,-4140097,,,,,,,
23.02.2018 14:59:26.292,,-2318616,,,,,,
23.02.2018 14:59:26.299,,,-2396323,,,,,
23.02.2018 14:59:26.307,,,,-3394137,,,,
23.02.2018 14:59:26.314,-4136001,,,,,,,
23.02.2018 14:59:26.322,,-2312767,,,,,,
23.02.2018 14:59:26.329,,,-2413076,,,,,
23.02.2018 14:59:26.337,,,,-3394201,,,,
23.02.2018 14:59:26.344,-4124332,,,,,,,
23.02.2018 14:59:26.352,,-2325441,,,,,,
23.02.2018 14:59:26.359,,,-2473717,,,,,
23.02.2018 14:59:26.367,,,,-3398423,,,,
23.02.2018 14:59:26.374,-4049046,,,,,,,
23.02.2018 14:59:26.382,,-2348247,,,,,,
23.02.2018 14:59:26.389,,,-2582111,,,,,
23.02.2018 14:59:26.397,,,,-3314905,,,,
23.02.2018 14:59:26.404,-3907267,,,,,,,
23.02.2018 14:59:26.412,,-2395931,,,,,,
23.02.2018 14:59:26.419,,,-2603935,,,,,
23.02.2018 14:59:26.427,,,,-3286757,,,,
23.02.2018 14:59:24.974,,,,,,0.05859375,-0.35546875,-1.078125
23.02.2018 14:59:24.994,,,,,,0.421875,-0.30859375,-0.796875
23.02.2018 14:59:25.014,,,,,,0.2265625,-0.421875,-0.97265625
23.02.2018 14:59:25.034,,,,,,0.25390625,-0.5625,-1.046875
23.02.2018 14:59:25.054,,,,,,0.12109375,-0.41015625,-0.99609375
23.02.2018 14:59:25.074,,,,,,0.40234375,-0.3828125,-0.8671875
23.02.2018 14:59:26.434,-3872246,,,,,,,
23.02.2018 14:59:26.442,,-2418799,,,,,,
23.02.2018 14:59:26.449,,,-2618521,,,,,
23.02.2018 14:59:26.457,,,,-3274736,,,,
23.02.2018 14:59:26.464,-3854916,,,,,,,
23.02.2018 14:59:26.472,,-2434261,,,,,,
23.02.2018 14:59:26.479,,,-2626390,,,,,
23.02.2018 14:59:26.487,,,,-3264951,,,,
23.02.2018 14:59:26.494,-3842270,,,,,,,
23.02.2018 14:59:26.502,,-2441789,,,,,,
23.02.2018 14:59:26.509,,,-2629093,,,,,
23.02.2018 14:59:26.517,,,,-3261549,,,,
23.02.2018 14:59:26.524,-3839409,,,,,,,
23.02.2018 14:59:26.532,,-2435814,,,,,,
23.02.2018 14:59:26.539,,,-2625288,,,,,
23.02.2018 14:59:26.547,,,,-3254332,,,,
23.02.2018 14:59:26.554,-3840697,,,,,,,
23.02.2018 14:59:26.562,,-2430698,,,,,,
23.02.2018 14:59:26.569,,,-2612747,,,,,
23.02.2018 14:59:26.577,,,,-3302696,,,,
23.02.2018 14:59:26.584,-3962600,,,,,,,
23.02.2018 14:59:26.592,,-2288693,,,,,,
23.02.2018 14:59:26.600,,,-2545826,,,,,
23.02.2018 14:59:26.607,,,,-3368449,,,,
23.02.2018 14:59:26.615,-4080339,,,,,,,
23.02.2018 14:59:26.622,,-2217204,,,,,,
23.02.2018 14:59:26.630,,,-2450014,,,,,
23.02.2018 14:59:26.637,,,,-3334374,,,,
23.02.2018 14:59:26.645,-4132011,,,,,,,
23.02.2018 14:59:26.652,,-2187262,,,,,,
23.02.2018 14:59:26.660,,,-2363436,,,,,
23.02.2018 14:59:26.667,,,,-3291699,,,,
23.02.2018 14:59:25.094,,,,,,0.375,-0.3984375,-0.796875
23.02.2018 14:59:25.114,,,,,,0.54296875,-0.4921875,-0.87890625
23.02.2018 14:59:25.134,,,,,,0.70703125,-0.3515625,-0.8125
23.02.2018 14:59:25.154,,,,,,0.7109375,-0.41015625,-0.69140625
23.02.2018 14:59:25.174,,,,,,0.6796875,-0.4453125,-0.71484375
23.02.2018 14:59:25.194,,,,,,0.63671875,-0.49609375,-0.72265625
23.02.2018 14:59:29.357,,,,,25.4258,,,
23.02.2018 14:59:26.675,-4150118,,,,,,,
23.02.2018 14:59:26.682,,-2196457,,,,,,
23.02.2018 14:59:26.690,,,-2457962,,,,,
23.02.2018 14:59:26.697,,,,-3317148,,,,
23.02.2018 14:59:26.705,-4160478,,,,,,,
23.02.2018 14:59:26.712,,-2222797,,,,,,
23.02.2018 14:59:26.720,,,-2532604,,,,,
23.02.2018 14:59:26.727,,,,-3340292,,,,
23.02.2018 14:59:26.735,-4163826,,,,,,,
23.02.2018 14:59:26.742,,-2231388,,,,,,
23.02.2018 14:59:26.750,,,-2558785,,,,,
23.02.2018 14:59:26.757,,,,-3338931,,,,
23.02.2018 14:59:26.765,-4163836,,,,,,,
23.02.2018 14:59:26.772,,-2222557,,,,,,
23.02.2018 14:59:26.780,,,-2552021,,,,,
23.02.2018 14:59:26.787,,,,-3322024,,,,
23.02.2018 14:59:26.795,-4163012,,,,,,,
23.02.2018 14:59:26.802,,-2204029,,,,,,
23.02.2018 14:59:26.810,,,-2532314,,,,,
23.02.2018 14:59:26.817,,,,-3295989,,,,
23.02.2018 14:59:26.825,-4162104,,,,,,,
23.02.2018 14:59:26.832,,-2185454,,,,,,
23.02.2018 14:59:26.840,,,-2507104,,,,,
23.02.2018 14:59:26.847,,,,-3266722,,,,
23.02.2018 14:59:26.855,-4159931,,,,,,,
23.02.2018 14:59:26.862,,-2171346,,,,,,
23.02.2018 14:59:26.870,,,-2489422,,,,,
23.02.2018 14:59:26.877,,,,-3245968,,,,
23.02.2018 14:59:26.885,-4158955,,,,,,,
23.02.2018 14:59:26.892,,-2162683,,,,,,
23.02.2018 14:59:26.900,,,-2489007,,,,,
23.02.2018 14:59:26.907,,,,-3235699,,,,
23.02.2018 14:59:25.214,,,,,,0.59765625,-0.38671875,-0.6015625
23.02.2018 14:59:25.234,,,,,,0.6171875,-0.40625,-0.671875
23.02.2018 14:59:25.254,,,,,,0.515625,-0.45703125,-0.7734375
23.02.2018 14:59:25.274,,,,,,0.46875,-0.3984375,-0.703125
23.02.2018 14:59:25.294,,,,,,0.48046875,-0.44140625,-0.76953125
23.02.2018 14:59:25.314,,,,,,0.421875,-0.4296875,-0.765625
23.02.2018 14:59:26.915,-4158416,,,,,,,
23.02.2018 14:59:26.922,,-2154022,,,,,,
23.02.2018 14:59:26.930,,,-2489181,,,,,
23.02.2018 14:59:26.937,,,,-3224342,,,,
23.02.2018 14:59:26.945,-4157296,,,,,,,
23.02.2018 14:59:26.952,,-2144724,,,,,,
23.02.2018 14:59:26.960,,,-2485237,,,,,
23.02.2018 14:59:26.967,,,,-3210414,,,,
23.02.2018 14:59:26.975,-4156667,,,,,,,
23.02.2018 14:59:26.982,,-2137519,,,,,,
23.02.2018 14:59:26.990,,,-2484898,,,,,
23.02.2018 14:59:26.997,,,,-3201039,,,,
23.02.2018 14:59:27.005,-4155930,,,,,,,
23.02.2018 14:59:27.012,,-2132260,,,,,,
23.02.2018 14:59:27.020,,,-2488608,,,,,
23.02.2018 14:59:27.027,,,,-3193718,,,,
23.02.2018 14:59:27.035,-4156519,,,,,,,
23.02.2018 14:59:27.042,,-2127950,,,,,,
23.02.2018 14:59:27.050,,,-2490554,,,,,
23.02.2018 14:59:27.057,,,,-3183974,,,,
23.02.2018 14:59:27.065,-4156471,,,,,,,
23.02.2018 14:59:27.072,,-2123976,,,,,,
23.02.2018 14:59:27.080,,,-2490237,,,,,
23.02.2018 14:59:27.087,,,,-3175987,,,,
23.02.2018 14:59:27.095,-4156165,,,,,,,
23.02.2018 14:59:27.102,,-2119815,,,,,,
23.02.2018 14:59:27.110,,,-2489707,,,,,
23.02.2018 14:59:27.117,,,,-3166975,,,,
23.02.2018 14:59:27.125,-4157129,,,,,,,
23.02.2018 14:59:27.132,,-2116286,,,,,,
23.02.2018 14:59:27.140,,,-2488225,,,,,
23.02.2018 14:59:27.148,,,,-3158879,,,,
23.02.2018 14:59:25.334,,,,,,0.47265625,-0.4375,-0.7265625
23.02.2018 14:59:25.354,,,,,,0.5234375,-0.515625,-0.8125
23.02.2018 14:59:25.374,,,,,,0.48828125,-0.46875,-0.734375
23.02.2018 14:59:25.394,,,,,,0.5390625,-0.41796875,-0.6875
23.02.2018 14:59:25.414,,,,,,0.5546875,-0.49609375,-0.7578125
23.02.2018 14:59:25.434,,,,,,0.5859375,-0.48046875,-0.69921875
23.02.2018 14:59:27.155,-4157222,,,,,,,
23.02.2018 14:59:27.163,,-2114570,,,,,,
23.02.2018 14:59:27.170,,,-2485387,,,,,
23.02.2018 14:59:27.178,,,,-3152072,,,,
23.02.2018 14:59:27.185,-4157322,,,,,,,
23.02.2018 14:59:27.193,,-2112064,,,,,,
23.02.2018 14:59:27.200,,,-2483775,,,,,
23.02.2018 14:59:27.208,,,,-3145392,,,,
23.02.2018 14:59:27.215,-4157526,,,,,,,
23.02.2018 14:59:27.223,,-2110255,,,,,,
23.02.2018 14:59:27.230,,,-2480785,,,,,
23.02.2018 14:59:27.238,,,,-3140246,,,,
23.02.2018 14:59:27.245,-4157646,,,,,,,
23.02.2018 14:59:27.253,,-2108396,,,,,,
23.02.2018 14:59:27.260,,,-2476672,,,,,
23.02.2018 14:59:27.268,,,,-3133642,,,,
23.02.2018 14:59:27.275,-4157121,,,,,,,
23.02.2018 14:59:27.283,,-2106744,,,,,,
23.02.2018 14:59:27.290,,,-2473063,,,,,
23.02.2018 14:59:27.298,,,,-3128516,,,,
23.02.2018 14:59:27.305,-4158340,,,,,,,
23.02.2018 14:59:27.313,,-2105765,,,,,,
23.02.2018 14:59:27.320,,,-2469790,,,,,
23.02.2018 14:59:27.328,,,,-3121846,,,,
23.02.2018 14:59:27.335,-4158224,,,,,,,
23.02.2018 14:59:27.343,,-2102292,,,,,,
23.02.2018 14:59:27.350,,,-2464525,,,,,
23.02.2018 14:59:27.358,,,,-3115499,,,,
23.02.2018 14:59:27.365,-4157312,,,,,,,
23.02.2018 14:59:27.373,,-2100993,,,,,,
23.02.2018 14:59:27.380,,,-2461460,,,,,
23.02.2018 14:59:27.388,,,,-3110836,,,,
23.02.2018 14:59:25.454,,,,,,0.59375,-0.4453125,-0.6875
23.02.2018 14:59:25.474,,,,,,0.5703125,-0.40625,-0.67578125
23.02.2018 14:59:25.494,,,,,,0.64453125,-0.4296875,-0.68359375
23.02.2018 14:59:25.514,,,,,,0.59375,-0.453125,-0.69921875
23.02.2018 14:59:25.534,,,,,,0.5625,-0.4375,-0.671875
23.02.2018 14:59:25.554,,,,,,0.60546875,-0.47265625,-0.70703125
23.02.2018 14:59:27.395,-4158089,,,,,,,
23.02.2018 14:59:27.403,,-2101832,,,,,,
23.02.2018 14:59:27.410,,,-2461219,,,,,
23.02.2018 14:59:27.418,,,,-3106868,,,,
23.02.2018 14:59:27.425,-4158008,,,,,,,
23.02.2018 14:59:27.433,,-2102001,,,,,,
23.02.2018 14:59:27.440,,,-2461565,,,,,
23.02.2018 14:59:27.448,,,,-3103352,,,,
23.02.2018 14:59:27.455,-4157414,,,,,,,
23.02.2018 14:59:27.463,,-2099916,,,,,,
23.02.2018 14:59:27.470,,,-2458440,,,,,
23.02.2018 14:59:27.478,,,,-3099002,,,,
23.02.2018 14:59:27.485,-4157487,,,,,,,
23.02.2018 14:59:27.493,,-2099937,,,,,,
23.02.2018 14:59:27.500,,,-2457968,,,,,
23.02.2018 14:59:27.508,,,,-3095494,,,,
23.02.2018 14:59:27.515,-4157530,,,,,,,
23.02.2018 14:59:27.523,,-2099177,,,,,,
23.02.2018 14:59:27.530,,,-2457099,,,,,
23.02.2018 14:59:27.538,,,,-3091873,,,,
23.02.2018 14:59:27.545,-4157399,,,,,,,
23.02.2018 14:59:27.553,,-2098385,,,,,,
23.02.2018 14:59:27.560,,,-2455841,,,,,
23.02.2018 14:59:27.568,,,,-3088801,,,,
23.02.2018 14:59:27.575,-4157394,,,,,,,
23.02.2018 14:59:27.583,,-2096778,,,,,,
23.02.2018 14:59:27.590,,,-2453760,,,,,
23.02.2018 14:59:27.598,,,,-3086656,,,,
23.02.2018 14:59:27.605,-4156102,,,,,,,
23.02.2018 14:59:27.613,,-2097028,,,,,,
23.02.2018 14:59:27.620,,,-2454661,,,,,
23.02.2018 14:59:27.628,,,,-3084354,,,,
23.02.2018 14:59:25.574,,,,,,0.5859375,-0.45703125,-0.6875
23.02.2018 14:59:25.594,,,,,,0.61328125,-0.44140625,-0.71875
23.02.2018 14:59:25.614,,,,,,0.5859375,-0.4375,-0.6953125
23.02.2018 14:59:25.634,,,,,,0.59375,-0.4375,-0.69921875
23.02.2018 14:59:25.654,,,,,,0.6171875,-0.45703125,-0.71875
23.02.2018 14:59:25.674,,,,,,0.60546875,-0.45703125,-0.6953125
23.02.2018 14:59:27.635,-4156506,,,,,,,
23.02.2018 14:59:27.643,,-2097685,,,,,,
23.02.2018 14:59:27.650,,,-2452808,,,,,
23.02.2018 14:59:27.658,,,,-3081549,,,,
23.02.2018 14:59:27.665,-4156727,,,,,,,
23.02.2018 14:59:27.673,,-2097989,,,,,,
23.02.2018 14:59:27.681,,,-2454296,,,,,
23.02.2018 14:59:27.688,,,,-3079488,,,,
23.02.2018 14:59:27.696,-4155782,,,,,,,
23.02.2018 14:59:27.703,,-2098061,,,,,,
23.02.2018 14:59:27.711,,,-2452381,,,,,
23.02.2018 14:59:27.718,,,,-3078376,,,,
23.02.2018 14:59:27.726,-4156847,,,,,,,
23.02.2018 14:59:27.733,,-2098899,,,,,,
23.02.2018 14:59:27.741,,,-2453164,,,,,
23.02.2018 14:59:27.748,,,,-3076560,,,,
23.02.2018 14:59:27.756,-4156731,,,,,,,
23.02.2018 14:59:27.763,,-2101123,,,,,,
23.02.2018 14:59:27.771,,,-2451439,,,,,
23.02.2018 14:59:27.778,,,,-3076662,,,,
23.02.2018 14:59:27.786,-4156340,,,,,,,
23.02.2018 14:59:27.793,,-2101494,,,,,,
23.02.2018 14:59:27.801,,,-2449869,,,,,
23.02.2018 14:59:27.808,,,,-3076221,,,,
23.02.2018 14:59:27.816,-4155997,,,,,,,
23.02.2018 14:59:27.823,,-2104657,,,,,,
23.02.2018 14:59:27.831,,,-2447976,,,,,
23.02.2018 14:59:27.838,,,,-3073719,,,,
23.02.2018 14:59:27.846,-4156262,,,,,,,
23.02.2018 14:59:27.853,,-2105834,,,,,,
23.02.2018 14:59:27.861,,,-2443757,,,,,
23.02.2018 14:59:27.868,,,,-3071326,,,,
23.02.2018 14:59:25.694,,,,,,0.61328125,-0.4375,-0.67578125
23.02.2018 14:59:25.714,,,,,,0.65234375,-0.48046875,-0.70703125
23.02.2018 14:59:25.734,,,,,,0.625,-0.4140625,-0.65625
23.02.2018 14:59:25.754,,,,,,0.640625,-0.44921875,-0.67578125
23.02.2018 14:59:25.774,,,,,,0.640625,-0.4296875,-0.6796875
23.02.2018 14:59:25.794,,,,,,0.62890625,-0.47265625,-0.70703125
23.02.2018 14:59:27.876,-4156167,,,,,,,
23.02.2018 14:59:27.883,,-2107996,,,,,,
23.02.2018 14:59:27.891,,,-2440906,,,,,
23.02.2018 14:59:27.898,,,,-3070022,,,,
23.02.2018 14:59:27.906,-4156307,,,,,,,
23.02.2018 14:59:27.913,,-2109329,,,,,,
23.02.2018 14:59:27.921,,,-2440769,,,,,
23.02.2018 14:59:27.928,,,,-3069316,,,,
23.02.2018 14:59:27.936,-4155735,,,,,,,
23.02.2018 14:59:27.943,,-2111441,,,,,,
23.02.2018 14:59:27.951,,,-2442244,,,,,
23.02.2018 14:59:27.958,,,,-3069493,,,,
23.02.2018 14:59:27.966,-4155774,,,,,,,
23.02.2018 14:59:27.973,,-2115035,,,,,,
23.02.2018 14:59:27.981,,,-2444234,,,,,
23.02.2018 14:59:27.988,,,,-3071234,,,,
23.02.2018 14:59:27.996,-4155936,,,,,,,
23.02.2018 14:59:28.003,,-2120899,,,,,,
23.02.2018 14:59:28.011,,,-2446916,,,,,
23.02.2018 14:59:28.018,,,,-3072531,,,,
23.02.2018 14:59:28.026,-4155908,,,,,,,
23.02.2018 14:59:28.033,,-2125447,,,,,,
23.02.2018 14:59:28.041,,,-2448033,,,,,
23.02.2018 14:59:28.048,,,,-3073896,,,,
23.02.2018 14:59:28.056,-4155510,,,,,,,
23.02.2018 14:59:28.063,,-2130419,,,,,,
23.02.2018 14:59:28.071,,,-2445581,,,,,
23.02.2018 14:59:28.078,,,,-3074374,,,,
23.02.2018 14:59:28.086,-4155402,,,,,,,
23.02.2018 14:59:28.093,,-2134037,,,,,,
23.02.2018 14:59:28.101,,,-2442768,,,,,
23.02.2018 14:59:28.108,,,,-3074934,,,,
23.02.2018 14:59:25.814,,,,,,0.59765625,-0.45703125,-0.6875
23.02.2018 14:59:25.834,,,,,,0.62109375,-0.4375,-0.671875
23.02.2018 14:59:25.854,,,,,,0.625,-0.42578125,-0.66015625
23.02.2018 14:59:25.874,,,,,,0.67578125,-0.4453125,-0.66796875
23.02.2018 14:59:25.894,,,,,,0.66015625,-0.44140625,-0.6640625
23.02.2018 14:59:25.914,,,,,,0.6875,-0.4375,-0.67578125
23.02.2018 14:59:28.116,-4155450,,,,,,,
23.02.2018 14:59:28.123,,-2135938,,,,,,
23.02.2018 14:59:28.131,,,-2439593,,,,,
23.02.2018 14:59:28.138,,,,-3074257,,,,
23.02.2018 14:59:28.146,-4155268,,,,,,,
23.02.2018 14:59:28.153,,-2137399,,,,,,
23.02.2018 14:59:28.161,,,-2437439,,,,,
23.02.2018 14:59:28.168,,,,-3074059,,,,
23.02.2018 14:59:28.176,-4155760,,,,,,,
23.02.2018 14:59:28.183,,-2138894,,,,,,
23.02.2018 14:59:28.191,,,-2434817,,,,,
23.02.2018 14:59:28.198,,,,-3073078,,,,
23.02.2018 14:59:28.206,-4154712,,,,,,,
23.02.2018 14:59:28.213,,-2137903,,,,,,
23.02.2018 14:59:28.221,,,-2432405,,,,,
23.02.2018 14:59:28.229,,,,-3072335,,,,
23.02.2018 14:59:28.236,-4155405,,,,,,,
23.02.2018 14:59:28.244,,-2136788,,,,,,
23.02.2018 14:59:28.251,,,-2429161,,,,,
23.02.2018 14:59:28.259,,,,-3071003,,,,
23.02.2018 14:59:28.266,-4155244,,,,,,,
23.02.2018 14:59:28.274,,-2135864,,,,,,
23.02.2018 14:59:28.281,,,-2425365,,,,,
23.02.2018 14:59:28.289,,,,-3068843,,,,
23.02.2018 14:59:28.296,-4155037,,,,,,,
23.02.2018 14:59:28.304,,-2132109,,,,,,
23.02.2018 14:59:28.311,,,-2419398,,,,,
23.02.2018 14:59:28.319,,,,-3066537,,,,
23.02.2018 14:59:28.326,-4155016,,,,,,,
23.02.2018 14:59:28.334,,-2129764,,,,,,
23.02.2018 14:59:28.341,,,-2413217,,,,,
23.02.2018 14:59:28.349,,,,-3062819,,,,
23.02.2018 14:59:25.934,,,,,,0.66015625,-0.4453125,-0.671875
23.02.2018 14:59:25.954,,,,,,0.671875,-0.4375,-0.63671875
23.02.2018 14:59:25.974,,,,,,0.65625,-0.42578125,-0.62109375
23.02.2018 14:59:25.994,,,,,,0.6796875,-0.4296875,-0.6484375
23.02.2018 14:59:26.014,,,,,,0.69140625,-0.44140625,-0.63671875
23.02.2018 14:59:26.034,,,,,,0.6875,-0.421875,-0.62109375
23.02.2018 14:59:28.356,-4154786,,,,,,,
23.02.2018 14:59:28.364,,-2126086,,,,,,
23.02.2018 14:59:28.371,,,-2406172,,,,,
23.02.2018 14:59:28.379,,,,-3060106,,,,
23.02.2018 14:59:28.386,-4155068,,,,,,,
23.02.2018 14:59:28.394,,-2125721,,,,,,
23.02.2018 14:59:28.401,,,-2402569,,,,,
23.02.2018 14:59:28.409,,,,-3058140,,,,
23.02.2018 14:59:28.416,-4155414,,,,,,,
23.02.2018 14:59:28.424,,-2126043,,,,,,
23.02.2018 14:59:28.431,,,-2402826,,,,,
23.02.2018 14:59:28.439,,,,-3057427,,,,
23.02.2018 14:59:28.446,-4154964,,,,,,,
23.02.2018 14:59:28.454,,-2126714,,,,,,
23.02.2018 14:59:28.461,,,-2403144,,,,,
23.02.2018 14:59:28.469,,,,-3057453,,,,
23.02.2018 14:59:28.476,-4155219,,,,,,,
23.02.2018 14:59:28.484,,-2128574,,,,,,
23.02.2018 14:59:28.491,,,-2401957,,,,,
23.02.2018 14:59:28.499,,,,-3057008,,,,
23.02.2018 14:59:28.506,-4155488,,,,,,,
23.02.2018 14:59:28.514,,-2128286,,,,,,
23.02.2018 14:59:28.521,,,-2401944,,,,,
23.02.2018 14:59:28.529,,,,-3056090,,,,
23.02.2018 14:59:28.536,-4155439,,,,,,,
23.02.2018 14:59:28.544,,-2128939,,,,,,
23.02.2018 14:59:28.551,,,-2401203,,,,,
23.02.2018 14:59:28.559,,,,-3055556,,,,
23.02.2018 14:59:28.566,-4155739,,,,,,,
23.02.2018 14:59:28.574,,-2128511,,,,,,
23.02.2018 14:59:28.581,,,-2399746,,,,,
23.02.2018 14:59:28.589,,,,-3053819,,,,
23.02.2018 14:59:26.054,,,,,,0.703125,-0.421875,-0.60546875
23.02.2018 14:59:26.074,,,,,,0.70703125,-0.41796875,-0.609375
23.02.2018 14:59:26.094,,,,,,0.69921875,-0.4140625,-0.5859375
23.02.2018 14:59:26.114,,,,,,0.71875,-0.44140625,-0.62890625
23.02.2018 14:59:26.134,,,,,,0.71875,-0.44140625,-0.6015625
23.02.2018 14:59:26.154,,,,,,0.71875,-0.44140625,-0.6171875
23.02.2018 14:59:28.596,-4155787,,,,,,,
23.02.2018 14:59:28.604,,-2127614,,,,,,
23.02.2018 14:59:28.611,,,-2395545,,,,,
23.02.2018 14:59:28.619,,,,-3051461,,,,
23.02.2018 14:59:28.626,-4155241,,,,,,,
23.02.2018 14:59:28.634,,-2125816,,,,,,
23.02.2018 14:59:28.641,,,-2391736,,,,,
23.02.2018 14:59:28.649,,,,-3049657,,,,
23.02.2018 14:59:28.656,-4155782,,,,,,,
23.02.2018 14:59:28.664,,-2123832,,,,,,
23.02.2018 14:59:28.671,,,-2388706,,,,,
23.02.2018 14:59:28.679,,,,-3047004,,,,
23.02.2018 14:59:28.686,-4154994,,,,,,,
23.02.2018 14:59:28.694,,-2122890,,,,,,
23.02.2018 14:59:28.701,,,-2384931,,,,,
23.02.2018 14:59:28.709,,,,-3044704,,,,
23.02.2018 14:59:28.716,-4156208,,,,,,,
23.02.2018 14:59:28.724,,-2120833,,,,,,
23.02.2018 14:59:28.731,,,-2382887,,,,,
23.02.2018 14:59:28.739,,,,-3042756,,,,
23.02.2018 14:59:28.746,-4155723,,,,,,,
23.02.2018 14:59:28.754,,-2119882,,,,,,
23.02.2018 14:59:28.762,,,-2382147,,,,,
23.02.2018 14:59:28.769,,,,-3041004,,,,
23.02.2018 14:59:28.777,-4155362,,,,,,,
23.02.2018 14:59:28.784,,-2118812,,,,,,
23.02.2018 14:59:28.792,,,-2381399,,,,,
23.02.2018 14:59:28.799,,,,-3039212,,,,
23.02.2018 14:59:28.807,-4154921,,,,,,,
23.02.2018 14:59:28.814,,-2119018,,,,,,
23.02.2018 14:59:28.822,,,-2380237,,,,,
23.02.2018 14:59:28.829,,,,-3037976,,,,
23.02.2018 14:59:26.174,,,,,,0.70703125,-0.42578125,-0.58984375
23.02.2018 14:59:26.194,,,,,,0.70703125,-0.40625,-0.62890625
23.02.2018 14:59:26.214,,,,,,0.70703125,-0.40234375,-0.59375
23.02.2018 14:59:26.234,,,,,,0.73046875,-0.42578125,-0.59375
23.02.2018 14:59:26.254,,,,,,0.7265625,-0.42578125,-0.58984375
23.02.2018 14:59:26.274,,,,,,0.7109375,-0.41796875,-0.6015625
23.02.2018 14:59:28.837,-4155454,,,,,,,
23.02.2018 14:59:28.844,,-2118577,,,,,,
23.02.2018 14:59:28.852,,,-2379458,,,,,
23.02.2018 14:59:28.859,,,,-3038087,,,,
23.02.2018 14:59:28.867,-4155450,,,,,,,
23.02.2018 14:59:28.874,,-2118896,,,,,,
23.02.2018 14:59:28.882,,,-2378287,,,,,
23.02.2018 14:59:28.889,,,,-3036810,,,,
23.02.2018 14:59:28.897,-4155477,,,,,,,
23.02.2018 14:59:28.904,,-2118721,,,,,,
23.02.2018 14:59:28.912,,,-2378619,,,,,
23.02.2018 14:59:28.919,,,,-3036190,,,,
23.02.2018 14:59:28.927,-4154941,,,,,,,
23.02.2018 14:59:28.934,,-2118666,,,,,,
23.02.2018 14:59:28.942,,,-2379309,,,,,
23.02.2018 14:59:28.949,,,,-3035546,,,,
23.02.2018 14:59:28.957,-4155130,,,,,,,
23.02.2018 14:59:28.964,,-2117257,,,,,,
23.02.2018 14:59:28.972,,,-2379479,,,,,
23.02.2018 14:59:28.979,,,,-3033740,,,,
23.02.2018 14:59:28.987,-4155335,,,,,,,
23.02.2018 14:59:28.994,,-2117064,,,,,,
23.02.2018 14:59:29.002,,,-2379117,,,,,
23.02.2018 14:59:29.009,,,,-3033816,,,,
23.02.2018 14:59:29.017,-4154890,,,,,,,
23.02.2018 14:59:29.024,,-2116656,,,,,,
23.02.2018 14:59:29.032,,,-2379074,,,,,
23.02.2018 14:59:29.039,,,,-3032500,,,,
23.02.2018 14:59:29.047,-4155587,,,,,,,
23.02.2018 14:59:29.054,,-2116933,,,,,,
23.02.2018 14:59:29.062,,,-2379717,,,,,
23.02.2018 14:59:29.069,,,,-3031547,,,,
